# rust_metrics_leafs_golden_vectors
APICALL_SAMPLES=3.000000000
APICALL_MEAN=11666.666992188
APICALL_VARIANCE=5555555.500000000
APICALL_MIN_DELTA=10000.000000000
APICALL_MAX_DELTA=15000.000000000
APICALL_NEGATIVE_DELTAS=1.000000000
BLOCKPROC_FRAMES=70.000000000
BLOCKPROC_SAMPLES=5600.000000000
BLOCKPROC_MEAN_LATENCY=35.500000000
BLOCKPROC_MIN_LATENCY=1.000000000
BLOCKPROC_MAX_LATENCY=70.000000000
BLOCKPROC_P90=63.000000000
BLOCKPROC_SLOT0=65.000000000
RENDER_DELAY_SAMPLES=5.000000000
RENDER_DELAY_MEAN=62.000000000
RENDER_DELAY_VARIANCE=204.399902344
RENDER_DELAY_JUMPS=1.000000000
ECHO_REMOVER_SAMPLES=4.000000000
ECHO_REMOVER_MEAN_ERLE=4.250000000
ECHO_REMOVER_PEAK_ERLE=8.000000000
ECHO_REMOVER_TOGGLES=2.000000000
ECHO_REMOVER_LAST_PRESENT=1.000000000
NEAREND_SEQUENCE[0]=0.000000000
NEAREND_SEQUENCE[1]=1.000000000
NEAREND_SEQUENCE[2]=1.000000000
NEAREND_SEQUENCE[3]=0.000000000
DOMINANT_NEAREND_SEQUENCE[0]=0.000000000
DOMINANT_NEAREND_SEQUENCE[1]=1.000000000
DOMINANT_NEAREND_SEQUENCE[2]=1.000000000
DOMINANT_NEAREND_SEQUENCE[3]=0.000000000
ECHO_AUDIBILITY_SEQUENCE[0]=0.099999994
ECHO_AUDIBILITY_SEQUENCE[1]=0.261818171
ECHO_AUDIBILITY_SEQUENCE[2]=0.227636352
MAIN_FILTER_GAIN_SEQUENCE[0]=0.050000012
MAIN_FILTER_GAIN_SEQUENCE[1]=0.145000041
MAIN_FILTER_GAIN_SEQUENCE[2]=0.139590949
MAIN_FILTER_GAIN_SEQUENCE[3]=0.125631854
SUBTRACTOR_OUTPUT_ENERGY_INIT=2.250000000
SUBTRACTOR_OUTPUT_ENERGY_UPDATED=5.000000000
SUBTRACTOR_ANALYZER_POWER=0.250000000
SUBTRACTOR_ANALYZER_LIKELIHOOD=0.714285731
